// byte    0                    1                       2                          3 
// bit     0  1  2  3  4  5  6  7  0  1  2  3  4  5  6  7  0  1  2  3  4  5  6  7  0  1  2  3  4  5  6  7
// j       0  1  2  3  4  5  6  7  8  9 10 11 12 13 14 15 16 17 18 19 29 21 22 23 24 25 26 27 28 29 30 31
// i      03 05 07 09 11 13 15 17 19 21 23 25 27 29 31 33 35 37 39 41 43 45 47 49 51 53 55 57 59 -- -- --
// i      -- 05 07 -- 11 13 -- 17 19 -- 23 25 -- 29 31 -- 35 37 -- 41 43 -- 47 49 -- 53 55 -- 59 -- -- --

          ^        ^        |        |        |          |                                    ^ 
          i        ii       |        |        |          |                                    N  
                   ^    x   ^    x   ^    x   ^    x   ^ |  x   ^    x   ^    x   ^    x   ^    x 
                   j                                     |

// j       0  1  2  3  4  5  6  7  8  9 10 11 12 13 14 15 16 17 18 19 29 21 22 23 24 25 26 27 28 29 30 31   
// i      05 07 11 13 17 19 23 25 29 31 35 37 41 43 47 49 53 55 -- -- -- -- -- -- -- -- -- -- -- -- -- --
          00 02 06 08 12 14 18 20 24 
 i-5/2    00 01 03 04 06 07 09 10 12 

            1  2  1  2  1  2  1  2 
			    
j = (i-5)/2

j = (i-3)/2 